2066
3508
3756
1862
503
1759
2644
3149
1678
1937
887
628
390
3246
56
2903
3634
600
40
2274
2922
3697
1276
1954
1327
1822
3943
46
963
2309
115
1277
989
1732
3293
1231
1656
2293
3205
1782
447
1333
414
2405
2118
3492
1026
2265
1175
746
639
2215
1369
3450
2738
2275
3757
1408
3800
703
3129
180
3684
3399
1920
1979
1226
3197
1114
2906
3478
3504
3273
2732
643
3768
3492
2031
1552
3428
1876
2182
2343
287
2122
2629
2066
2648
808
2732
3043
2091
1224
2678
1051
1444
3857
3086
807
263
1121
2353
1707
62
466
210
3423
3563
1688
3592
707
2401
1103
600
3625
3999
3160
252
1445
737
1161
1616
1565
1084
2924
74
3066
3007
557
660
3901
2770
3952
759
3216
1147
3156
2959
1914
2082
3501
3397
1371
30
1157
3711
29
1471
3733
3523
2656
3493
2607
1368
3145
1906
2883
1075
3020
2982
1140
3830
143
2703
2634
3502
1688
3332
133
2284
1995
3124
312
1292
3763
1188
371
497
1828
1760
3576
207
860
597
1399
294
1363
2700
2206
3453
2691
3264
3679
999
1105
2513
669
2081
1459
14
3705
3613
674
1066
69
881
3976
2963
3209
3474
678
169
3140
13
3384
2901
2604
193
2509
3091
923
1669
3376
1432
1799
2602
3449
936
761
6
793
361
531
3495
1498
926
252
1646
1515
3850
3360
3934
1287
567
810
971
1505
1869
3445
3870
1487
755
3462
3512
1922
449
278
855
1088
3804
2532
3674
176
1246
3485
3611
2961
3430
1852
84
3833
1946
3838
205
2069
2704
3127
810
3237
2021
1649
1629
2736
988
1115
3717
3767
3344
3645
2515
2353
3864
1248
2240
3596
191
487
1773
3920
3080
337
3831
3860
2139
2082
2909
805
2528
14
1339
3112
2369
800
2790
2132
3265
3524
2604
970
909
1770
2627
144
1593
3543
510
828
1313
367
3929
1998
3218
1634
2792
2544
298
49
1206
1309
1500
995
1825
973
2864
680
181
1900
811
3139
1697
3253
389
472
3283
3099
3018
138
809
2725
2256
3700
1166
1000
96
3090
1271
386
468
3316
2056
1077
915
421
1370
1750
3833
620
3652
2526
1171
701
361
2026
3177
1109
1374
3743
2528
3570
1862
1494
2141
2659
3718
3322
3942
3454
3100
1971
1058
1173
2471
3960
1212
3692
2294
251
2425
3850
2567
3667
3769
3710
1428
3434
3496
1180
1343
3661
2693
2904
2677
3991
2505
1863
3963
3357
1016
1846
1766
1505
2035
3727
2765
1813
2296
2473
2511
2948
2049
2838
1320
2056
2478
1898
1822
2381
101
3921
942
3648
3080
3468
3419
1995
1238
224
431
1908
696
1729
3541
1354
1111
3991
813
1162
849
2931
908
2756
2816
1650
3834
2420
1186
3704
194
1574
965
900
1983
2875
2067
3567
3291
3505
3532
1795
2813
1603
3528
3885
3612
3574
2942
989
3304
2863
651
2942
3725
2823
978
3288
3061
1386
2366
1743
1550
3554
972
3622
2093
3047
3666
207
3414
1017
1815
3614
1953
3295
2296
382
3208
2446
1312
3854
1991
2759
3897
2325
3933
1315
1379
2040
3492
390
635
3282
2876
3729
604
117
3466
1562
1329
3824
2704
813
697
557
862
3481
93
1553
3730
2016
2328
918
2950
1344
3506
2058
1612
1200
2882
832
657
3592
1327
1711
3768
413
1641
548
2622
1673
2777
1995
2753
1243
2913
3184
2718
707
1386
3965
1879
2629
612
1818
829
2422
446
504
1333
1034
822
1569
1633
776
55
1016
2065
1863
3845
3799
1154
3650
3804
173
1704
13
257
584
3869
2982
79
3389
1788
457
490
587
2109
764
2047
2634
2536
2745
2443
486
2543
3276
3283
1252
2474
2308
2653
1079
1488
934
3101
3403
1136
2470
1531
226
3839
182
582
780
144
45
2185
3760
1348
2776
1317
2245
2905
417
3340
498
3061
869
1883
1014
2199
2987
3872
517
3634
1304
2072
3043
1936
2885
1482
806
330
1471
3877
1245
327
3840
1008
3461
2445
147
1257
1189
2752
2081
896
543
1920
3699
1713
912
1573
2185
3365
761
2940
1032
1649
491
1183
2739
2747
2092
1231
1698
2582
2015
3530
2722
3549
3508
885
524
181
1592
2392
491
734
1932
1412
1179
3173
42
3683
2269
3748
1575
844
47
105
3907
2026
2011
2789
3775
1614
816
1024
1418
889
3550
869
2510
3001
3159
2032
3076
525
918
148
3699
891
1905
1777
1460
3001
1721
74
3435
633
2093
3879
1932
560
3458
1843
1314
1742
291
300
856
2620
1689
2693
1963
2222
3575
3694
985
1615
1931
549
2940
3282
2563
1721
2654
3012
172
2535
131
195
3890
3381
2418
1710
1905
3858
2788
2073
508
341
3772
137
2548
596
3348
328
3228
3311
1604
264
1180
907
174
2578
1842
2444
3015
2844
443
143
359
1768
1290
1820
139
103
2527
2433
2738
3266
3189
2988
3623
1188
113
202
2228
1708
161
1607
2384
2598
2186
187
1679
350
3344
2198
312
898
3572
1428
2326
2700
447
1013
1528
1955
135
3765
1016
3179
2791
45
857
1982
488
2369
3348
607
674
197
1164
639
2123
801
2847
3250
3491
2613
166
3473
855
124
1337
3201
1967
202
2387
3943
3464
2585
2638
2879
2930
2360
885
316
2421
1384
728
1388
3974
907
2395
3690
604
1038
524
1507
439
2265
2517
2398
2881
1868
2404
3095
2074
3875
2618
1086
451
3104
2624
1642
1780
1878
1049
1709
2846
151
2768
3777
3839
2087
356
2708
1467
512
2368
445
3989
3241
1102
1659
1564
3884
1836
3578
2767
2575
1940
3629
529
949
3851
960
2491
2718
2597
2523
3417
2390
2339
1124
3279
3932
3390
3690
3558
2603
1188
976
2488
2705
3927
1031
1179
3677
1841
1966
2982
2725
616
2912
1906
2111
3899
1540
593
1233
3657
2101
2042
1816
3883
3655
2196
2793
3112
2044
517
1894
2296
1105
2753
1466
2734
705
2401
727
2121
3457
2752
1437
1174
2258
3852
2880
2897
1315
412
3080
1210
3889
1417
343
3510
2722
2045
2499
640
1976
1567
619
3851
2439
2970
1543
3485
2915
3335
3177
470
1876
367
2333
3130
847
3983
2791
374
2440
474
1282
2061
1565
2566
3268
2099
64
3492
2668
1818
860
1291
2099
2211
1686
2609
733
1821
2569
1552
3526
2374
1435
2535
358
2708
2597
549
2562
1104
3303
3922
3299
2811
2176
3371
3464
3391
2057
1073
27
1433
2626
2425
1186
2280
3163
1334
176
3547
2878
1128
3320
3604
3485
3538
3602
1566
2040
3719
3039
1955
3524
1916
3093
2832
2257
2107
2571
1088
2964
2860
2731
445
131
3640
3704
851
295
2914
920
2095
3986
677
2841
1817
2270
1397
107
519
3207
3861
1134
3735
1960
2057
2192
2238
963
1982
1190
2954
1196
3115
1669
203
2545
325
2890
2961
2125
126
1493
1003
593
2383
3806
1158
1679
3034
1695
2258
3498
833
2770
41
3714
1786
3761
857
2203
670
2073
3909
563
3952
2793
1673
3723
2379
835
3230
810
679
461
1386
596
2041
1048
1846
1006
2422
774
3077
2569
2266
818
3110
128
2798
3665
2208
1761
843
2311
124
527
1999
425
1655
3589
985
2928
216
134
2110
3
2406
703
85
3216
2783
1696
3756
161
1590
206
2849
2042
2658
1800
2454
2534
2467
3431
1709
2530
129
3457
57
3581
2011
2514
407
1292
3762
1005
3702
2472
2747
3072
1632
2462
1145
3103
1609
3898
461
3210
613
3039
1735
575
2185
2835
443
141
3550
1081
900
2881
3762
3279
3886
691
2768
3234
3337
3962
3391
3962
3089
937
1509
1132
984
3244
2090
1061
1122
1265
2219
3180
1571
560
912
2933
555
89
1248
1231
959
742
3236
863
2927
2521
1836
675
1391
676
3680
875
1578
1238
2293
3462
2820
554
1009
2588
3495
3828
1241
2553
3424
2121
1446
159
795
1863
2832
3355
2476
1655
3763
1316
1512
1985
1813
604
3702
2460
2545
1490
2300
246
1344
262
2245
635
3032
3087
2716
2001
1452
902
3423
2890
1906
2881
1710
2577
1004
2124
2364
151
1434
3575
1970
1026
1114
508
2715
1766
1347
2526
753
198
2843
2617
1517
17
1843
3654
2859
3414
1108
1571
422
3766
122
3560
368
2996
1679
704
375
943
3819
3851
799
930
1158
821
1904
2693
1742
2707
2321
2922
2821
569
2158
2906
1309
3692
3658
101
2235
444
847
3923
3054
825
1335
1666
1518
1941
201
169
3617
3942
3898
2701
148
2362
1106
489
3593
1335
1744
463
3201
2813
2553
2939
1631
1725
227
1381
912
3887
539
811
1193
2541
646
2043
2464
551
3570
3656
1324
550
2779
440
3864
777
2879
2058
3873
1849
3594
2721
2831
1389
544
1940
2513
1215
3788
3735
2560
3686
3605
3161
3977
1866
2777
624
3276
320
1339
2164
889
3605
3799
3729
1436
1983
3842
3458
586
396
3744
2070
1515
1373
1035
1674
3314
1380
3385
1686
2222
994
2264
987
198
2326
2619
71
64
286
1603
3649
2375
3565
2378
1002
2140
2605
3027
411
1669
3398
3846
2994
1056
3566
581
598
215
1006
618
3679
1852
3272
1698
593
3418
3877
447
3346
3831
1936
2781
2509
3621
3748
2221
3933
1180
3418
3225
3805
2905
2111
2797
712
3285
185
992
3619
378
3270
1356
956
597
2222
1896
576
2369
1973
1902
832
2994
1395
3721
1844
2898
1641
3544
806
2471
3794
1335
193
2833
202
1216
809
1095
3564
3928
841
1101
1549
465
1442
2087
741
503
828
372
3633
2951
2472
2935
2620
2794
708
2574
3221
292
2901
2426
1135
3713
1309
2657
2310
2917
3864
2485
3829
2495
3329
1985
2242
3530
615
2714
853
668
540
3747
505
3869
2888
2524
3587
1993
2360
1772
2262
2369
3869
2739
3324
2512
2556
3160
3611
1377
3077
3584
3604
1847
3854
2089
586
1571
1393
923
654
3892
1211
3212
2935
207
3516
3661
3486
31
3523
2027
664
2851
109
174
2155
1039
2522
2608
384
3217
2901
2693
1695
780
2650
2092
1468
2780
3006
3493
251
3872
2643
310
3032
2770
3735
1807
2913
2438
631
1953
1760
2215
155
1348
3785
99
3481
3666
1585
664
2671
3321
1785
2333
2170
3455
1247
1228
2881
822
708
1355
3955
2806
2735
2580
992
1524
1059
658
1094
897
635
1562
3048
2516
168
1341
893
1304
1403
1033
1231
2215
2119
1381
2837
578
2566
2598
3516
3220
3983
3984
1577
1103
2878
859
3934
1006
1901
150
3539
3604
3446
837
1713
2355
1503
3609
1913
3710
835
1195
2562
2398
2204
1237
3800
1962
2170
2904
362
2179
1872
3136
261
1650
1258
3997
2535
1614
1395
1479
3071
1870
3733
2054
3346
3752
1668
283
892
2197
2246
3051
2415
3206
2496
3247
685
369
3726
212
2703
673
1948
3787
1085
1355
3704
3522
3228
2416
3669
2421
1528
1211
3737
1514
2785
586
667
1639
3881
2119
938
2001
3935
3318
1089
1389
353
3983
3631
3368
3530
438
2505
3344
2451
2992
134
1078
1030
3714
2210
1056
2732
518
720
3034
895
1518
69
2182
2135
2773
1721
424
2294
798
3414
1871
650
565
1836
1714
2422
2252
499
3501
2093
3610
1634
2396
674
3589
2060
3869
742
719
2277
164
3944
2770
3452
1005
2619
2316
469
2146
2317
2125
919
3728
3164
2624
1660
3817
1429
3229
487
3085
80
3950
2516
262
2735
3428
3003
2843
1112
2436
2655
3417
3979
1913
1838
3133
3510
3671
2696
3911
1113
228
2774
415
2976
1562
2608
1184
1946
3095
572
3902
2825
2848
3384
2499
2762
2462
3761
1560
3141
648
65
480
211
655
143
1864
2700
1441
3118
3856
3704
1526
550
2418
3417
2850
2180
995
2592
3482
3340
1588
75
648
3206
928
3405
1303
3181
2300
3127
353
3008
1451
1391
621
613
2131
3303
1815
2219
2986
3649
1957
1919
834
3819
2176
2699
3817
2093
207
3806
1452
2934
3613
376
1352
3544
2479
2430
2136
2627
1223
1578
1047
1188
142
3265
835
154
3480
3822
3642
680
17
1339
3985
270
2613
3118
2328
3156
560
2351
3329
2850
1332
2785
2521
419
3964
184
2030
1700
3269
3793
1840
2569
39
3332
202
3321
3533
1646
976
3329
2798
3754
3001
3372
773
3840
1044
1352
1589
2670
3421
3629
1135
2879
106
758
1717
821
936
1173
1495
897
2471
3176
2405
1701
2128
2597
386
2886
3425
552
1012
1272
2431
985
1973
536
1037
2993
1382
2704
1152
2435
3499
1733
3677
906
1221
3613
2895
1885
1569
1689
2873
1709
2397
356
3525
1016
1684
764
2179
2364
1041
2874
3832
1991
390
2960
1662
8
3357
2589
3012
3794
2459
2116
2667
3954
2011
911
1128
945
471
3832
2500
1301
1013
2822
669
1350
1208
110
1661
1464
1960
1087
2367
1042
226
2762
3274
1830
1543
1596
3403
2599
3021
2555
1351
1865
3214
1348
3143
989
161
2169
3543
1900
2888
3599
2552
1615
788
3919
2992
3867
1579
3691
409
318
1862
2309
2955
265
2869
70
2488
115
3567
404
2818
2613
2081
2020
825
428
2236
2044
3156
1643
3064
2611
1223
3574
1212
916
468
528
3476
2399
2132
277
1025
501
3236
3380
2446
2373
1042
981
3271
3909
1939
2297
1523
1683
1537
706
3590
1618
2677
3243
2791
644
3142
2241
2141
2133
3034
3981
1030
2555
1112
3411
944
3586
1820
2372
3853
824
295
3212
2503
1273
3347
2282
2651
2941
216
2551
1076
3179
1852
1357
2300
3788
1521
384
3010
2466
749
1952
2463
1823
923
2998
1511
974
2303
3460
421
643
2782
1205
245
2726
402
3323
2302
3441
473
3231
1165
1465
2059
2978
2596
876
1680
34
948
3243
271
3
865
1880
736
860
1441
2060
1896
749
1525
1891
2188
1749
499
3588
3171
693
3582
60
689
2808
2608
979
2525
799
238
1932
3385
2984
1681
3794
1317
1154
1241
1105
1916
2113
1432
2035
151
2122
3858
2410
2202
1016
3695
338
3395
314
3397
2104
1113
3391
90
2305
1555
3609
3130
1604
202
289
3446
2012
2144
2512
533
271
3621
2923
327
702
681
110
3725
1767
357
2576
3101
3680
462
3886
990
1489
3960
1390
900
1422
2752
3654
3298
3613
3848
2782
1899
3927
2019
900
667
1241
3395
3256
272
2297
1884
3777
2322
2195
882
394
2240
605
386
3014
3477
3941
2504
771
2583
2024
2238
1029
2681
2185
1527
565
27
2262
691
3489
2581
2649
2772
639
876
300
665
3592
27
2531
549
2841
1290
1465
3773
2339
378
1181
3187
3308
3603
835
882
1053
3916
506
2288
3525
3058
11
2865
3422
1263
604
1870
908
2374
3259
1158
1315
3685
1161
3522
1689
504
34
2791
3666
3157
124
704
3837
3002
1925
1515
646
2121
2151
368
2824
2367
2998
3673
445
1786
2371
2991
1966
1783
1595
449
873
2882
3963
1197
2122
613
2577
3155
3091
1752
1063
2110
2512
1064
25
3160
3711
1682
3531
3545
1415
393
1441
3148
2540
342
1070
3213
2530
2065
3431
3302
236
3248
1242
1064
1738
238
1912
3086
1133
2119
864
3911
2058
971
849
248
1506
2037
3333
2475
1543
544
528
1697
546
2277
3362
3996
3895
2288
3397
1875
303
725
1676
540
2551
2303
483
1293
1864
756
1157
2165
2024
3466
2404
2849
2036
459
962
1050
1243
2111
3976
573
3797
1128
2143
1771
677
783
455
448
2774
867
3260
1827
3996
1440
2423
1942
1032
245
1526
3581
2037
2508
1309
1884
419
3849
3984
3743
3852
173
2596
3347
739
2657
2234
3548
579
3308
712
1145
1029
3115
1239
3754
934
405
2618
626
3196
1788
1705
1612
2058
1940
110
3358
2271
1508
564
3951
505
2513
3870
2380
572
1886
3076
3502
1133
200
1237
2655
15
2082
1058
2625
2657
3484
778
3346
3849
2736
761
1559
3634
1142
3604
3574
83
2939
909
1348
1649
3522
2502
2300
3872
1133
2417
578
3463
551
2875
3955
1116
1847
299
2070
886
2904
500
2472
554
3131
1296
2662
149
1697
139
1363
2603
614
3712
231
1535
3116
3998
469
2218
1046
1003
1089
3031
3349
65
1031
35
3231
3623
3891
2782
2244
1338
1726
1069
1237
2628
1203
86
3047
3951
3303
1211
1776
3587
869
3731
2640
1225
460
2825
639
276
2310
1399
1652
3661
607
1675
88
2710
3908
944
845
3865
2150
472
2076
2991
2600
3273
3154
2462
1940
1300
1210
3517
3845
3622
1783
3981
2527
2173
2327
1058
1076
2977
3744
738
2861
13
587
1205
806
419
3220
3741
1079
3301
2965
2719
2507
2140
160
608
3014
2655
3039
292
3411
3914
485
1555
3078
632
1960
3247
3384
779
3292
3422
1149
2986
1497
655
1991
2702
1463
2782
112
2668
47
443
909
3975
3051
2153
1679
830
3503
2954
1831
3141
1847
2305
3149
2096
3861
2504
2985
3179
2512
2691
2731
2362
3476
3453
2424
2737
2662
1023
2091
401
3833
2283
1225
2173
3312
2
3730
1530
2745
228
732
1164
44
2212
1875
2608
858
3950
985
1658
322
3206
2489
625
3350
774
480
2929
1305
1787
1063
167
3727
31
2400
494
3587
3521
3820
3988
1599
981
1448
1678
1234
2455
2966
3989
3321
852
2443
3569
1512
3116
1653
2853
3404
1527
2792
140
694
1750
1265
1601
1572
2355
2
2317
3345
2848
684
1341
3371
3645
2370
3717
1464
3973
2173
468
1196
2322
1966
1877
2894
2884
3523
1590
1663
2286
2095
1700
3355
2005
1087
3436
2179
2979
328
888
1534
2220
1367
2018
627
2671
1292
2152
1588
3032
3771
2316
3043
1996
2310
1927
466
3094
2190
2738
3182
2236
79
2403
2444
134
2048
3629
863
1878
3493
2585
246
2278
2440
107
2979
3966
2761
1203
3170
3794
2017
463
65
3740
1973
1189
1577
3275
260
421
323
3115
3236
2516
2161
3271
2771
496
3978
3477
3529
3160
1372
3391
224
2744
1866
1331
2424
939
1398
3882
3640
139
3152
328
3800
2013
2079
1712
3581
878
2051
2154
3704
2785
3161
2166
1951
2837
2453
3829
1487
999
267
1966
2018
2484
343
1913
372
780
2995
943
3299
3495
908
1145
570
1385
492
268
952
3331
208
2017
1116
431
958
2258
2332
1061
2328
2816
3533
3377
408
3773
2314
2688
3867
632
3496
4
1123
221
62
1234
2690
869
1608
1681
1164
2196
864
1867
808
1747
1451
2165
1345
3736
3678
3324
287
1339
40
1709
1052
2251
23
3895
75
3635
822
3249
3302
3118
2881
1243
2644
1168
366
2419
2429
2955
1209
323
314
702
879
2179
794
2606
742
650
194
3507
1697
3805
1900
1836
701
3202
3581
729
3875
3018
313
761
1060
2219
735
1391
3035
1014
1770
2029
8
157
2929
3502
2608
1161
3874
759
2248
1064
2631
3829
593
3122
756
2265
3766
2647
1748
2829
8
3181
112
572
3729
296
792
2256
2135
2532
1976
3744
3134
1329
2878
1962
2731
2294
1654
1038
2852
720
3425
3405
327
1023
187
3904
2723
2586
1482
391
2767
3485
2740
1830
317
679
1532
2545
3114
2443
2306
3081
1029
181
3694
2044
1076
258
3123
3303
123
29
1194
3123
3098
2027
3182
2055
2388
67
1016
2864
3228
1047
229
241
2027
2269
603
793
3946
2376
2645
494
2438
318
2504
3791
1056
3240
3588
1496
515
790
1874
1839
1804
2061
1812
2279
1109
217
2694
3122
2346
870
1519
1503
302
3293
3614
1982
3731
2873
665
1729
1120
481
3314
2270
2511
3931
2094
1709
2334
315
258
3582
1143
1718
2892
709
1991
617
2752
2910
307
3338
2361
3871
2308
3932
2175
1229
286
1142
1991
2637
3577
3433
3292
1515
3555
3534
3831
1254
3717
2564
2530
1732
3708
509
2642
1368
1113
678
2112
3287
2873
723
233
1724
3396
1953
927
481
753
1811
3351
2989
1775
1831
54
1468
3432
766
3540
721
3599
2265
1800
222
1081
120
2344
2484
757
24
2159
60
726
2692
2247
2134
579
1335
1583
2205
1187
683
744
1299
2867
1111
3955
1918
2356
1868
1931
1053
3693
2054
2640
3728
1942
658
1003
3806
3629
1872
1531
238
1825
2804
2061
2429
3011
1898
3959
75
3157
1488
2599
2635
3914
3363
3363
3446
2360
3598
3087
1607
3455
2594
2618
849
1152
1915
1008
2923
76
1404
1904
3460
741
2020
1785
762
3446
1932
8
2674
3346
1639
3933
3434
3612
210
2952
1361
1148
1242
875
3222
62
1711
2833
315
1861
1614
2795
579
321
3156
2772
441
1019
1203
2898
3677
2723
1830
860
2173
145
2985
1508
1325
3008
2691
2988
649
2936
1619
2362
285
1381
2519
3453
169
2604
2667
499
2990
3672
3387
1239
422
2513
2627
2153
2671
3234
709
853
31
1254
3564
2003
1939
3231
132
3608
3911
2305
1080
214
1801
3946
2547
246
1958
1394
1426
2624
1157
752
1464
801
3597
1739
474
486
3769
3394
2046
2572
1684
278
2357
3160
2729
204
36
2111
298
1046
517
2118
1452
3923
3876
2119
1928
825
942
1695
3189
721
240
1129
2565
1225
342
935
2080
1118
302
2877
235
2324
1044
3953
1784
380
952
3240
3466
2009
1361
1184
670
1092
258
1650
3212
2168
1214
922
3612
3500
3432
860
766
3856
3752
3537
1375
2292
557
3948
1147
2598
2758
3745
3650
1452
2357
2467
2501
3950
2594
3359
702
3816
1253
2626
1026
465
2443
1864
1689
988
1998
1374
3928
219
1642
1247
2642
2247
3132
1311
3935
2006
3836
2449
2139
2082
3537
2282
1877
1376
2742
3835
3673
3009
1352
574
855
634
1289
1078
740
3291
1520
3589
499
957
881
850
1662
226
1220
881
852
3750
2571
1689
153
624
3463
1472
2386
1399
2890
460
2656
3114
2109
302
1649
2561
123
3793
451
1940
2581
1735
3099
2112
3771
863
3567
2867
3519
992
592
2924
975
2958
2495
2845
1673
1412
3081
1580
2680
153
738
2077
3272
2430
11
3197
1283
2556
2198
2118
2142
2150
2955
3473
543
2452
2414
662
1855
3432
968
1112
3525
2778
1687
2647
149
1347
221
773
1315
2304
3087
312
2904
2924
3392
3660
2322
906
3355
3879
3925
3059
1342
3923
2874
1337
1745
1445
3816
1481
2612
1990
916
865
789
3791
2197
2676
3214
2980
3565
3191
2012
2685
2521
1636
276
1330
270
2025
616
371
1786
3358
2031
1792
2377
707
160
852
2377
946
3663
3918
2824
1282
1212
2621
320
2241
3548
2192
2767
1391
3040
1474
1216
3837
3381
2948
881
2398
2316
1063
102
404
720
199
2116
1129
1876
1801
2530
2194
3461
1539
3648
2606
3535
3782
1110
2609
744
242
834
185
3974
350
2790
2747
1840
2711
893
2481
1733
3961
3144
797
3486
1400
1103
3454
299
2959
915
3188
3234
380
1273
1081
1321
948
3112
3360
1294
1650
1257
2976
2964
3351
3878
3080
2401
1372
3277
2351
3421
834
1454
166
2218
2140
3809
731
2589
221
2448
3521
3796
446
821
2787
3938
2542
3712
1367
2599
1470
3108
1688
3571
844
3080
1572
3615
2338
1490
2374
2513
3439
3232
3954
3065
1995
2656
3119
3225
1180
1945
1455
230
