819
3404
789
368
2458
3015
88
1911
2138
42
2187
833
512
3091
517
3023
766
736
862
1045
2739
2706
1200
3872
723
1535
3793
2572
596
2759
3954
1590
1255
3876
1310
30
3785
721
3847
2280
3322
307
2686
334
3317
1827
2306
1357
1662
215
734
1273
1129
1518
3334
624
613
301
1853
2448
874
403
1716
3580
784
1593
2881
2593
3529
2007
1116
3489
765
3742
1155
2271
472
556
955
3724
2978
374
1173
3983
1659
3099
3950
2890
1828
278
2243
2692
1534
3185
1213
2254
1305
162
503
791
2336
402
811
1998
2141
3781
3733
2513
3422
1028
2650
1798
3708
3168
2293
3812
2251
48
3597
2258
2759
2765
648
2726
1684
1825
1724
708
183
197
2814
244
3217
1671
1565
3888
3892
2463
2134
2678
2808
3600
3273
1014
988
1306
2789
1565
2931
2514
3566
1781
1363
538
1419
126
3494
99
1369
765
3851
1071
2239
271
3263
689
2019
2794
1081
2431
64
1190
443
2367
2940
760
196
514
2610
1530
2043
3570
671
2420
1524
2357
467
2186
664
2458
147
3673
2401
3671
2158
3708
2377
3324
108
2859
2245
3935
628
1354
2289
1293
1541
3565
2044
2782
2606
1794
1476
1594
3040
2479
388
2464
1189
2482
3907
2658
3971
3790
1190
2151
1061
3720
992
1311
1344
2663
1229
2838
2736
413
419
3337
3269
1290
2678
2618
1199
1559
886
3653
2889
2052
719
3096
3365
2446
3406
1392
1697
3282
1430
690
1714
3626
2794
138
101
173
2050
1621
2518
3626
2
582
2156
2327
2777
306
36
1460
920
1872
2321
463
240
1977
1077
1924
301
918
3168
3809
1791
3242
1312
1706
2443
3919
1903
2681
730
1384
3735
3319
3266
1367
612
3780
1649
157
2653
880
3435
2823
101
2707
1990
835
1616
2748
3157
687
2243
3219
994
287
2646
1027
2300
1272
2705
1743
154
2854
1184
2969
2476
2412
957
663
330
1765
2133
270
723
1895
3448
2891
1661
2895
1391
1299
1431
1971
836
1241
1414
594
2257
250
2145
205
1180
1128
1913
382
1113
2256
1905
1949
1955
91
1681
256
1768
458
1736
2681
811
675
3953
3388
2840
2076
3953
1493
1949
2173
1672
3965
3601
1453
1904
3989
7
1750
3151
955
2631
3137
805
1851
353
468
3486
3550
716
2974
3303
1349
3667
2716
3917
1055
342
259
2394
2057
3706
2574
2238
2996
3206
2944
1368
36
151
3617
2415
194
113
910
1386
2759
1414
3683
546
2607
666
3359
2357
27
1293
1106
1308
2651
3124
1283
3741
176
2390
3957
23
1826
1834
1077
917
1785
153
767
2504
3363
2616
282
1778
213
2451
294
3787
2685
1494
1486
1157
1182
562
817
3929
445
3175
1392
3765
2700
480
2481
3984
3897
642
1073
3245
3573
411
1214
2310
3364
2285
433
2013
1782
1364
3733
341
3594
1925
876
1510
2993
2722
139
3977
2731
150
1217
1500
446
3683
3639
3713
700
2339
832
75
516
468
3886
1673
3754
3769
1084
2995
1189
2176
1480
2662
948
1193
1013
3993
3735
1180
123
3394
1322
3289
336
2713
2827
2969
1952
3042
1535
1347
3752
3896
1393
1296
566
3227
2736
2622
1563
2471
1443
1565
3269
2609
421
1701
2660
176
3156
294
3023
215
66
2319
845
373
1480
1607
1661
2637
264
2965
539
668
2519
582
2840
3242
2172
721
871
3
2967
400
2269
2554
1000
681
2177
1848
858
3153
3736
3915
340
3368
3920
131
2895
3204
2417
3596
3063
3524
36
3558
2624
1010
2027
3481
1582
2674
2751
2946
725
281
1285
3472
3239
2854
2837
3234
3673
359
2243
3751
3559
1875
3381
2788
2045
731
1971
46
1173
3548
1027
3657
2738
3553
2131
38
1151
1229
1748
1413
2356
1067
3941
2042
2509
2089
3142
219
2043
3822
1054
2118
2675
499
269
3764
1014
2571
3870
745
664
1920
1059
1703
3061
1750
1778
1195
1730
3685
2286
254
3298
3414
2875
746
3261
68
2139
2577
3401
1534
3647
894
2690
31
2404
1579
626
3540
2142
3675
1179
3034
2259
806
850
996
1155
2262
1841
3301
2722
28
2917
312
932
2966
2270
1941
1738
3185
2546
1365
1906
785
2150
3304
950
3323
1075
933
2994
3638
3692
959
2149
169
1294
2828
1958
1427
3683
3707
421
2970
1640
1620
1352
1078
897
987
2026
248
1025
3840
568
1675
3655
97
3990
3123
3553
3555
3498
859
3261
601
1461
1809
1392
2206
324
607
131
316
1822
3969
3081
3597
2964
1555
2339
276
1586
528
3511
3926
2664
3975
1359
1057
3082
1621
875
1755
3288
2583
2782
3861
956
2281
2835
1801
784
3293
2747
2732
1499
2539
1169
3440
374
3060
1879
3329
2812
3559
3180
1818
3954
2964
1479
599
834
2449
1117
2464
1243
1669
3745
791
3241
1404
1881
3282
3195
1394
2777
2160
2232
3795
279
2822
1164
3548
2149
1775
2225
2870
94
2727
375
146
3794
819
3466
1695
237
1227
1189
189
1984
1764
3581
3979
239
3594
2683
3093
1158
3815
71
418
360
422
72
358
1376
15
1789
213
578
1660
483
3594
150
406
2376
2379
3708
3244
2582
2028
434
2627
1718
2511
943
251
2588
1685
3524
337
2408
3637
3066
1464
2196
3321
2641
882
1231
782
1595
1208
2890
1290
1967
553
709
1926
1141
1394
201
2479
2885
2860
2692
938
1233
1620
405
1435
204
2197
3032
3191
2879
248
3173
842
130
298
3354
1438
132
2331
2704
3488
738
3861
923
639
1926
3284
845
2843
732
741
2648
3349
2435
2201
2722
415
3234
1107
2208
312
3244
3693
2380
3014
2388
2936
352
3926
3574
142
2977
2047
1538
2255
1354
3171
3847
3274
1017
2021
734
1506
3660
3703
838
2916
1162
2362
351
2433
3736
1693
1695
3860
1122
1702
575
2881
1131
1102
1082
694
3143
2787
1523
1894
1781
995
2719
3516
1619
1122
1765
2504
1543
560
3574
393
1329
1516
2007
2602
1016
2460
3988
3499
1821
3652
1718
1289
3623
161
3980
2764
457
2835
1439
1078
1996
3884
3017
3988
3644
1051
568
3361
2675
799
1496
1255
744
475
1367
3516
124
2143
3221
2577
212
579
2965
1047
100
2848
3120
637
443
970
2120
1160
1370
372
1499
1532
864
1110
2511
1141
1805
342
3058
1398
3788
1039
3313
3956
3868
1655
3972
1818
2532
272
2840
2434
3497
2688
3277
3895
326
976
1997
2456
3416
3241
3844
1886
1527
2597
1336
2505
876
1873
1193
2282
1645
60
2450
4000
856
1260
3423
3233
3709
2688
1495
3782
2719
3208
2513
2196
1483
3983
3601
1155
1357
3980
2271
718
3044
1402
3921
867
841
1567
1193
213
1241
2286
2108
2426
3572
3546
1492
3658
2558
1050
1968
3132
2967
1159
566
3067
2877
1819
1063
3229
697
266
2176
1667
3680
1607
24
2564
2476
805
1587
632
3190
2211
2348
3129
3427
1396
3960
1289
1971
3945
431
899
3048
2738
228
2681
3503
3358
623
3345
2780
437
1755
3372
3249
2078
1047
2004
196
2907
18
1394
727
2924
965
2522
2838
2966
2597
3220
2105
2422
1450
3531
1694
810
1717
1648
1826
1865
2133
770
1360
959
639
3510
803
69
3782
1837
880
2841
129
1059
3661
3956
3491
1958
291
1653
296
1970
2579
2088
2233
167
877
1136
2063
1799
228
3346
1556
288
167
903
1517
3830
1323
3820
3168
2108
3677
1960
3432
173
3302
2122
2198
1128
404
3070
1202
1027
1660
210
1888
299
2129
1587
3484
3969
2442
3893
2475
2107
3478
1415
767
190
3413
2146
2044
2420
823
3714
2192
3558
2417
1380
107
481
997
1015
1836
1379
459
3808
3677
431
3852
373
2764
2783
3999
35
597
765
3672
2192
86
1593
3986
3043
1907
1094
3469
2377
1309
3591
2162
3668
3987
627
1157
2452
3227
1048
120
751
2266
3743
3640
1264
1635
2443
3665
85
1255
1049
1807
2951
3120
2217
3964
1285
2660
3331
481
771
1192
492
2026
756
2358
2754
2304
1471
41
3630
10
3866
3984
742
1593
3813
2154
1513
3888
483
1910
2898
1185
1905
1086
2454
2960
3018
3369
2366
2273
984
1640
3613
773
3095
500
2030
2259
2273
2711
3823
915
18
73
2935
635
2575
3081
2700
233
3151
3659
3315
1913
3235
3413
2945
2978
3359
15
1635
1608
98
2719
1717
2384
1662
453
2021
2309
3135
561
1969
1226
225
944
1477
3829
3338
1258
3644
3832
1833
3737
3279
472
1556
1357
3617
1095
995
252
1933
3425
2908
2643
2266
2996
2810
2023
2096
3273
1386
1942
3585
2134
2745
3431
2840
690
334
1991
701
813
1451
1020
3652
2289
3404
641
3711
3164
1779
3158
1570
3651
3645
653
3706
2844
112
784
1839
2571
3380
3355
3900
1821
1174
3041
1466
2512
2476
2426
1729
754
2446
2532
2092
3292
1692
3080
2826
2493
3331
3986
1539
1017
701
895
751
3205
3215
3083
2460
287
3463
3583
1389
2649
1551
3215
1436
2672
566
3929
3872
2117
2126
2944
2963
487
3197
1206
2948
3548
628
3923
3671
1880
349
1299
2673
336
3679
2042
1202
2239
3954
2818
309
3355
448
1575
3121
1954
3528
1462
344
2689
1020
1083
242
3521
1021
1904
3490
2633
613
843
1792
2030
1468
3458
578
420
1832
2568
2756
42
111
2794
2237
238
72
1184
2846
2863
3625
1968
221
3031
2218
1433
1435
3244
72
3036
1321
1593
1781
1059
1892
1515
1262
3505
3702
3501
2616
3348
3668
176
2111
3908
2595
1358
360
2794
1551
941
2685
3744
1216
2908
3723
638
479
1281
3536
3070
3808
2496
2785
76
3279
453
1988
3997
686
429
432
3861
1746
2053
2012
3358
198
1718
77
2102
2454
1086
3322
823
3473
2741
3796
3011
3662
597
340
3714
2845
3330
28
350
739
3849
2674
2788
1868
2804
990
376
2480
1081
1736
2265
3783
3461
2919
9
1701
2866
1160
352
343
2042
3308
1029
521
1064
1639
1536
1892
2691
2269
2036
3700
3411
3843
2912
2567
1911
156
2960
2441
734
2034
1806
3542
1059
600
1865
38
2833
2053
971
2182
2858
1082
847
3766
22
2280
603
9
1476
2209
2746
387
368
1237
3461
3364
669
3801
1477
1697
1616
464
342
3661
3510
960
1730
3464
1847
310
193
1123
2212
2246
795
2178
1856
3273
2103
893
1577
1096
2298
2988
1287
538
3463
3394
2565
642
600
1224
3528
2363
3546
3854
1518
1058
3624
892
1384
1919
2781
870
1542
3577
2885
2528
549
3270
2974
2910
1566
2325
478
1809
2886
1094
2759
2625
1600
102
3807
1314
533
814
3530
1897
3699
1268
3783
2813
859
765
2126
3479
1147
3849
1311
480
3261
3035
3537
2129
1393
2026
3788
437
1852
634
3889
1146
1230
3148
2387
985
1026
1627
2979
1166
1759
382
1911
950
3938
3856
2631
1141
3626
3182
3962
510
2888
2913
122
363
72
674
1197
3900
1659
1000
2961
3453
2307
2139
1446
2391
797
1306
276
3171
694
3704
1436
924
1855
1544
3085
977
2316
3391
2913
804
3630
1309
2698
2203
2379
3676
905
3826
383
2864
1538
3731
16
1679
2912
232
1097
2022
3633
1084
1979
142
2764
3912
1732
2753
1042
2812
2741
1327
1939
3181
3557
2158
1500
1045
2534
2973
86
602
3521
1450
3514
142
1827
459
1532
170
3709
3588
2216
2291
3757
322
1530
1303
3892
3191
2205
1965
1046
3237
1016
3993
2180
3393
2661
2136
902
3640
3651
2540
1798
3262
992
2111
2424
2111
1885
2230
3008
431
2281
3907
2034
3669
3855
2367
173
2584
2798
1034
3445
96
1825
2041
1008
2427
838
2602
1678
3479
3993
2030
1998
3801
1163
2607
3656
3049
378
1214
3034
3566
296
1326
868
2509
2596
2907
1253
2891
949
2684
2654
3969
2251
3484
1125
2616
845
486
3582
1621
1748
703
2769
2290
2189
3431
3472
1318
255
113
3553
3561
1073
1752
3564
3176
2606
2923
958
3531
1070
3424
3343
1348
3897
3746
1748
740
274
784
3547
120
3550
3594
3444
1398
2073
1501
1868
2448
3601
516
3127
2521
898
2730
857
95
2984
1272
1580
1602
3232
399
566
3508
578
2432
3799
3470
1135
2478
1414
2554
774
2297
1856
3961
549
137
3823
2294
338
2019
3177
3053
3656
3687
116
2894
327
3327
198
1106
1546
3178
3215
1846
3832
3234
2466
842
2474
2571
1622
1617
1305
3129
1156
2702
1953
1347
3244
2886
2243
2637
1053
2242
1964
2461
3524
489
988
1639
3990
3174
3543
2527
2447
238
1418
2840
776
731
2009
1123
3899
3726
2278
287
1629
2962
3104
3109
3906
1278
1938
211
99
2620
3298
844
3273
2190
2330
1593
2548
1281
2550
208
1139
380
826
849
158
322
2757
3289
2952
2608
3842
2014
1507
2411
2182
1659
1393
3396
903
2823
718
144
1122
3112
1760
3796
2974
75
1202
1478
3074
3756
320
137
1777
2677
6
2586
660
2349
1161
1907
3909
1751
2792
3782
611
2777
2043
2883
2477
201
441
1164
3019
3559
773
2691
2059
1125
3328
3609
3172
2264
2619
893
1726
3469
2252
1746
1222
3746
2271
2774
1907
2304
2065
585
1935
2069
2884
949
1858
134
2991
398
3814
3034
3685
1946
3495
603
1669
3532
1842
3172
698
3897
2369
1006
928
1757
1126
2120
2080
471
3541
999
2309
3837
3694
2255
576
3217
1114
1878
349
3906
3709
2480
2641
3413
1213
3844
2650
347
3390
2051
2705
3607
1145
1623
733
3775
2875
3348
131
1966
2535
3847
1721
1776
2307
3453
1359
1572
1184
2568
3827
1055
3411
1461
2758
1821
1426
321
3694
618
2818
1387
2705
2046
3743
3111
602
2628
2410
3570
409
526
3398
700
3531
592
2951
2462
3988
1009
2879
628
121
1505
257
1705
3308
3881
1876
3309
3541
3591
195
2366
124
142
1598
2629
2269
292
1748
1230
1024
3326
1170
1415
2815
2146
2438
1051
3674
3479
888
183
393
1168
1350
3636
3913
374
88
2535
1560
3419
46
1661
198
2082
2405
1617
3834
365
2607
2115
908
33
2181
1010
2316
2692
1093
3243
1029
736
2787
466
2328
1190
1679
3904
3738
3259
2633
1848
2070
387
3720
1214
3403
651
1618
3704
2331
3534
1031
1380
3506
416
1798
1828
1257
598
3638
1598
6
188
1031
2229
1201
3919
3255
1931
1679
3761
3368
1875
3654
1133
2776
3027
3902
3591
2951
1619
1295
49
3029
2592
1461
934
3187
694
1159
1077
1063
502
2843
3744
1971
3155
1945
1880
3235
3439
1556
3475
2703
3680
1473
3870
1358
937
988
937
3887
1102
3326
3203
1192
1759
2319
340
1062
1077
657
1899
1512
447
1997
3657
3849
2266
218
3746
3055
982
2305
2459
3846
1425
2590
607
3579
1415
3523
1375
2178
1809
3656
3793
331
372
3205
277
2441
2251
3316
119
2160
3322
1092
3377
3805
1334
469
1311
2558
3493
1168
338
2061
35
2277
377
1894
1339
3379
1581
3356
3231
716
1603
102
3434
2525
2873
397
1450
2446
3802
2087
2692
861
3396
1882
3292
3004
1465
3120
2805
1887
2397
2921
1851
1338
1455
2482
2784
1880
575
1225
3594
3704
1870
2636
2495
653
1341
816
1038
2924
737
165
3089
2081
98
2027
3642
51
3162
3782
1196
3892
2677
1562
2292
424
581
3625
807
1246
3066
3377
3780
1146
761
1164
3695
1624
3578
2148
658
3
173
1933
293
1522
1604
2099
2868
830
3397
2378
3923
492
77
2937
2517
3347
3186
3086
235
1031
3798
1686
226
2470
3842
1655
787
3823
759
161
2401
3135
3529
3472
2621
881
621
867
3843
1617
175
1663
750
2074
3452
3069
3088
1398
2610
2488
1445
3564
902
3820
2846
566
1552
1434
1185
3680
940
1698
958
779
121
290
1206
732
288
2021
2243
808
490
443
493
283
1703
3306
2621
2667
328
693
3150
392
2240
1739
1928
3358
1677
820
989
357
3649
3426
2791
2231
3890
1200
1289
3459
1027
3169
1952
2991
1288
1706
2550
1222
2885
1573
1454
2351
3175
182
2187
3725
753
1203
56
2361
2822
3750
1027
1446
3488
3592
2281
424
3115
3196
2501
1201
387
1847
3479
8
3450
1744
1433
3643
2298
631
2308
2078
1558
2434
2302
2869
2813
273
1015
2261
882
3405
3884
1653
2730
2780
2897
3759
3144
3332
147
796
1895
2519
1359
1025
2754
288
310
2129
3589
1325
3941
2222
693
299
3932
1674
1562
817
3698
3470
517
848
3941
2493
915
1662
3352
909
2113
3605
3494
1718
901
580
2574
3594
1858
3639
1538
3300
841
839
3809
3216
817
3389
2993
975
3270
1011
1021
1696
3623
647
2413
982
1453
3750
765
2647
3667
829
3052
3020
3426
3366
1954
1722
3266
786
2195
2992
1684
3955
1732
3871
2417
442
2664
2031
2672
847
3834
513
2805
3504
3377
3328
3213
3154
2820
653
2687
1519
2864
3276
2011
149
2592
2939
3302
549
2617
455
3381
3297
550
692
445
2715
2171
2966
3326
634
1825
922
3851
3881
2812
3620
1126
1332
927
3336
8
1764
1789
1522
565
1152
1251
2359
3085
1699
3935
1544
1932
596
3784
195
3553
351
2577
212
2953
502
1437
3922
1201
637
2635
3524
3786
848
382
647
2147
110
3787
3199
210
1540
2781
1755
497
86
2608
2906
2168
939
2293
223
2300
3770
1561
2954
3790
909
774
2069
2426
653
1731
968
38
124
3527
1899
2020
3440
1202
3090
2131
2434
3518
1615
3163
774
1959
1177
852
19
1940
262
2391
2035
1205
561
3931
138
1512
54
1694
3457
3993
3844
2586
1192
1907
2581
667
1846
3053
1266
3423
910
3705
2218
2415
3166
709
3170
2777
396
248
756
2885
2241
782
3039
1682
809
1810
259
2248
2856
3356
683
582
2450
1437
172
1979
516
312
27
1937
1008
894
1693
271
3133
2515
1065
1856
746
62
3428
3429
1887
2539
2466
905
1380
2219
1329
3873
1567
1830
364
1231
415
558
2965
411
611
195
1840
2133
1727
362
3092
1405
143
2501
607
3231
2118
207
589
472
2262
2481
3435
1366
646
593
1736
3373
2846
539
795
382
481
1396
3875
1714
1139
1446
282
1920
2038
2520
2449
2120
1393
2797
2292
2361
3183
3151
1464
495
2818
2158
2494
2081
3252
0
346
43
3110
3754
2605
2133
664
1925
3259
653
1839
2617
3985
510
2881
3319
1854
320
2934
1072
3556
1128
493
3663
3500
2230
548
1450
589
1668
2188
1629
1987
2144
1574
3924
3839
3420
364
1123
735
3731
3059
3361
1569
3262
2175
3664
3513
2486
3800
70
1973
926
1737
2474
685
3880
2373
351
506
3691
2299
2703
11
2367
2876
3721
3647
3622
2118
1140
3995
908
2632
2710
3595
3530
2818
3823
818
3644
1138
2145
3444
766
3986
937
869
3346
2513
1758
1312
3007
787
3390
3868
2314
707
3064
2975
3155
2349
2449
2619
2333
1760
2368
1495
1513
1690
2840
2415
338
2342
794
3385
370
953
688
73
3449
866
3248
1794
1118
713
2709
3663
1971
2439
3165
2260
3070
3123
11
2900
54
3888
2987
3523
103
3661
2939
1264
611
2169
1198
922
269
3248
305
1810
2151
2396
1870
901
2515
1505
3444
3730
2173
2754
3556
116
1653
905
437
3652
2754
2584
1458
3687
1727
590
2941
712
2965
883
1750
2084
2900
3628
969
1399
3780
1499
3932
3192
24
2458
2052
1194
85
2275
125
1032
19
309
142
1028
3459
2422
1198
3699
2200
3335
668
1556
340
3374
595
3990
2707
3253
1122
3285
3249
3391
3777
1265
1163
3240
3577
1542
1670
3191
157
55
713
855
512
2341
274
855
3430
3912
1572
2750
358
2112
1091
3288
3164
39
1233
2940
131
3350
3282
2484
3578
3211
3476
1394
1552
3185
3161
1891
2364
489
3305
720
58
877
2101
3100
3468
3261
3974
3695
1074
3276
2952
159
2707
2112
3226
3417
2945
236
634
1765
2116
1047
2890
2846
2920
3022
1538
2587
1919
582
987
1496
3583
3709
3356
2007
8
206
2466
35
2112
2597
12
1539
1832
3750
1725
2574
1755
3656
1320
1176
571
162
3063
1403
1933
3017
1997
3948
495
1221
2178
1939
333
518
3699
2952
1408
2675
886
2648
1410
1339
2693
2122
3038
353
170
1724
2658
3712
826
2990
1301
1756
1724
3264
3072
1752
2424
2725
1302
2620
1110
724
3168
1408
755
1703
975
3000
697
425
2966
550
2714
3874
247
2374
3494
848
1312
1212
1343
2192
3632
2281
2030
514
949
3006
2866
2385
1113
2010
1436
206
712
3722
3836
3308
1249
1863
834
2279
1239
2127
3068
1165
3349
1500
2214
2855
3601
2987
1983
1860
641
1884
907
1641
1226
1311
6
2734
3311
337
820
3163
2521
3855
660
1966
3292
1238
2551
142
2565
2882
997
2897
3724
1855
1541
2832
3291
2205
2006
1539
943
1849
2401
3028
2516
525
2637
2549
3912
1949
542
2555
1236
2078
1081
1915
965
2329
3272
976
3564
1609
3961
3630
786
182
3473
2304
691
3691
1038
2624
3473
3036
22
1463
3297
1396
127
3208
2610
3286
88
280
3753
347
1807
3302
223
512
3434
3772
2551
3151
2609
3715
1517
3044
1886
481
2318
2238
298
2737
1272
1323
99
3642
1824
2129
3903
1315
2809
2574
754
2927
3372
1126
120
1067
3396
1279
2338
1555
3949
3466
757
2419
1001
1002
2642
2515
1549
1931
817
3107
2278
51
2118
670
1038
3951
1912
2333
656
2517
2240
2525
962
3197
608
822
2468
1178
2997
390
3694
3694
2358
56
3960
3823
679
753
288
455
2663
945
3100
3462
77
3574
2476
1679
2104
3211
3079
1984
248
2303
3128
2479
2876
3728
1374
1753
1981
3385
3648
1219
3473
1117
3283
656
2115
995
3625
2420
1164
2833
3813
3136
832
3792
1177
3286
898
12
2820
708
1081
3442
1357
1847
2278
373
3276
487
266
3692
3010
1744
1247
2398
3573
1236
3338
1741
3489
1668
128
3088
3740
1443
3442
2690
1601
2468
655
545
2471
969
1242
826
189
1945
3634
1655
2851
2745
3082
2513
2725
350
3879
2126
1673
2065
3111
2448
3319
598
2070
3154
2235
3978
3519
2061
2533
207
156
1991
3511
2292
26
3802
2377
1003
3956
2658
3578
2708
760
106
2894
3567
1595
2091
203
1609
3663
788
3718
2477
3430
3976
470
999
2574
3628
2991
3346
2068
1532
336
1132
1123
1926
3038
3656
167
3530
19
1326
2581
3788
1184
432
2624
2777
2100
490
794
2896
1113
759
2796
3375
222
1878
2369
1549
1143
141
1420
3983
3302
3575
3216
3727
823
2755
1832
3363
1110
1250
3621
934
240
2571
2164
3484
2143
2676
2968
2625
3419
1400
2133
2435
3655
2533
258
3923
2213
844
3076
2414
2752
3018
3573
446
2074
2189
867
3073
2440
2778
602
989
91
1249
361
3465
3499
1670
3410
1803
2693
2177
996
875
2103
1874
1543
3287
3391
3258
206
3791
2057
2868
2650
2811
1982
701
2275
1280
3539
793
737
2464
3568
1447
1280
48
3251
3706
1204
3484
799
998
3763
1431
1865
3246
809
128
3745
3304
1761
3589
3649
232
