-7508
3043
9717
9907
-3008
2024
-1063
6476
-6027
6754
-7811
-4779
-9577
-1669
-5063
2952
1289
9391
6075
327
4286
-9848
-7481
9057
-4001
6461
5383
2692
6995
2485
2271
-6671
-6341
-7245
-4493
-3562
112
917
7093
-3475
-5136
-4105
-2186
-2586
-6293
-9975
-9990
-7279
2916
-1645
1500
-5589
-5056
-6599
-8512
-9652
2566
5514
8415
5349
6845
-4606
4446
-5513
-716
2354
1552
2264
-816
9638
166
-3246
3512
6337
-7066
-6075
-1545
4444
3306
4104
9353
9080
-8448
-99
8892
139
-787
2879
2141
4381
-2887
-5076
1470
-1570
1756
-571
-5633
5186
-9749
7351
-7155
8859
-5130
3630
-5623
-2934
-5055
581
1196
2454
5997
6649
-2660
785
-6187
-8776
-9084
7620
-5324
9240
-7100
1556
2011
2881
3099
8375
4424
1952
8994
7520
-9568
-652
-6210
9994
-8832
3532
-3735
5074
-6107
6057
6935
2152
6380
8882
2539
3594
5042
-6372
-5997
-5371
-1832
2882
-8175
7146
-335
2295
-2792
5661
-1524
1410
7263
-4243
4096
-8899
-1687
8031
9643
5893
2505
3821
462
639
-54
2946
8491
2704
-9035
8238
-9579
3194
-8607
-3190
-8847
3759
7388
3827
3133
-893
-4180
943
6858
9602
1208
8637
-1842
3184
863
-640
-6140
1347
6131
6690
-1036
9996
-424
-5361
-4283
-7216
-4595
767
-2220
-8136
-6365
7007
1133
-1028
-2777
-7198
-2523
8404
-4192
6690
-4447
2662
9727
-5550
1179
-8590
-6402
4607
-2278
4875
48
-4558
5322
-6052
1048
-8495
-589
-9048
-3153
2260
-3154
-2547
-9371
591
-8491
8414
-9199
4753
234
-4316
2194
-6241
4687
-2035
2504
-6765
5110
-649
-9072
-3529
-2158
3946
2212
-6327
-9931
-9762
1259
-8618
-7496
-4405
-9094
-6476
3477
-1330
-1315
5791
-3556
-4582
-2889
-4191
6922
3127
-3548
-7017
4650
-3988
8942
3995
-7973
-4140
-929
-7455
-9099
-8337
5810
5276
6324
3300
9583
-256
8118
-3946
-750
4805
8902
-4859
-7435
-971
727
2395
-2672
8489
1514
865
9804
1750
-2798
7329
-7919
-3099
5868
-2409
-9399
-6839
-3987
4909
-5572
-2105
2789
-1968
3668
-1211
3182
2013
6022
-9502
-6043
-7572
2545
5249
4640
-8515
2494
-2328
-8065
3249
1525
-4413
1590
4360
7526
-9505
9178
-3485
4004
4211
2090
7491
2231
-8623
1732
-1443
-9759
1515
7043
-2099
-725
8850
8324
-7955
-3543
3252
-6185
-9804
-3805
1543
-9455
-9878
2244
4738
5664
-1637
7377
-6095
4838
-7554
8221
4987
201
-1719
-857
-8762
1979
-8000
-9094
-9186
-4922
2276
-2614
6667
-5229
6479
6741
-3973
-5900
2051
2229
-2437
-368
-6916
2241
-4245
1983
1300
9149
-5956
2810
-9449
-7794
1007
940
4364
1011
7115
6902
-2741
-7053
3537
7308
-7767
488
9024
-1611
-787
2499
6080
-8577
2237
-2705
3408
1896
6766
4753
-1934
8936
-7259
9702
7823
-8126
3879
-529
1852
-3214
-815
4796
-3776
-2598
-1234
5126
-410
-7984
-7215
6900
-6030
829
9739
6543
-4225
-3346
-1760
8652
2944
-4058
5099
4270
-4429
-3151
-8253
4164
-643
-3637
874
7641
3994
9465
5686
8734
-8185
9905
5263
-1513
-3990
-5647
-8733
-5457
-7765
-455
3583
-2551
-7349
-4528
-4504
-3189
-2825
-3239
2580
9838
3216
-897
-6226
9860
2168
-2093
-2100
-6997
-1369
2321
4459
-2477
-3367
-655
-6427
-7846
6046
9955
-3273
7371
-8063
-7976
7324
-3397
-229
3220
8035
3199
199
1225
545
-6641
8578
8244
-7441
-4769
6397
2165
-3247
56
4516
-2330
6885
-7509
1371
7153
-2637
4133
3248
3558
4319
6799
8290
5032
8610
253
-8961
4780
-5874
2842
169
-1423
-1561
2894
-1555
-2901
7024
-6230
-8992
-9431
7188
-3935
5794
-833
-6721
6778
8131
-5750
918
7114
-9459
-7391
4704
8127
-1689
8851
1181
-3432
-8455
-576
-3081
2036
5249
5908
-9922
960
-9602
4887
-6836
2937
995
-2943
-5565
-9393
-5170
-828
-3965
5508
-1123
-973
-2087
9268
-5692
-4123
-1565
1961
524
-3487
-5112
7674
2887
-9314
-9912
1026
-5430
8657
4933
7836
9397
8334
940
8096
9594
9816
-8281
124
37
-8893
7773
-9034
8895
339
-4828
53
3477
7071
-4642
647
-327
8042
-9292
-3283
-6491
1222
8483
1681
-5814
6094
-5616
9856
9358
-2216
-3817
-8570
5480
-1981
-2219
-2520
-1278
6828
-5518
-7228
5250
5494
1452
1009
-6398
-6549
-994
9691
-3577
-309
772
-91
-5971
-7326
3769
169
-1965
1810
2999
-7281
-260
-1686
7477
5872
4985
3557
-608
6496
-5099
-1020
-6338
3060
-9759
3237
1201
1566
-4061
-560
-4009
4186
2070
-1818
-6621
3577
-2426
-9468
5068
4632
-6108
-797
4803
-217
-2879
-4151
-1939
-5967
9298
-2210
-1119
1518
2142
8363
-2528
-3349
9857
1742
-6665
-163
-8466
-4761
-9599
-9761
-1750
-59
3014
6220
5111
-6000
4610
-2136
-5672
1967
4541
-4634
1783
8271
2719
-7876
6674
3273
6647
-8040
-8604
-3701
871
-3769
7240
-8402
-4999
8422
-9695
-9558
3195
-8604
1638
-4661
5372
5553
-4219
-9146
8375
4985
-7334
-416
3957
-6946
-699
1535
9681
-1119
-358
502
-1313
-8148
3824
1987
-5229
2523
1137
-6202
-9649
5212
-4879
-7354
-3406
68
-6331
-2070
-2624
-9438
2224
-2687
-8266
6119
3940
-2193
-6944
8992
7107
-9216
7511
9495
-2790
-351
-897
-5604
8633
4878
4167
9470
9356
-7273
4312
9187
-9117
-8936
3477
-6044
-4772
-1312
2193
-1449
-9077
2894
99
-5932
-9149
-5849
6375
190
6095
6457
-2996
-5464
-7925
-2701
7633
-8486
5909
-7972
-8704
4402
-2772
-5847
1352
1212
-1386
5141
1778
-2522
6371
5246
-739
-2802
7523
284
-5435
-3013
-5278
-1619
4256
7827
-2816
5408
8078
3875
2826
-1808
-7833
-1599
-5556
-9536
3771
-6782
-8941
8211
9252
9850
-5471
-1832
-6121
8193
-8975
6135
-701
-8400
7173
195
2551
6060
-8543
-2001
-886
5542
2908
7015
1676
-4383
1156
1958
6263
3071
4573
4550
7733
-9441
-3409
-2607
7876
2147
-5871
-4111
-8997
8229
6699
21
4335
-3668
9853
-8767
-6545
8180
-7501
8736
6701
-7254
-5997
-5704
-3347
-9981
4063
-5140
-8328
916
-3994
-1650
5992
-5016
2455
9538
2937
-551
1273
-9877
2609
708
-815
9945
-7276
-7515
706
4756
-715
3618
-9215
-9965
2386
-7087
976
20
1671
8423
-8935
6526
5853
-5751
654
2985
1169
9148
8635
-4182
4772
-1812
2269
7370
-9210
-8828
2271
2556
9160
9732
-4625
4745
313
8706
-8296
5543
2415
-3112
-9299
-2176
-7900
-2823
6395
-8310
-5503
-3143
-9530
9007
3849
4975
-84
-6274
-7893
-4306
4948
2428
9662
-5993
2448
-7640
-294
-6635
-9674
2660
-4282
3503
9053
8600
-9813
-8817
7991
-1679
-8097
-3439
6224
-3067
9040
3553
-9728
3753
5713
-6164
4345
-4932
827
989
2751
-2993
9763
3868
8611
-9054
-8194
-3645
-1809
-2693
-773
4483
5998
-7278
7518
-8716
2183
-9783
540
-5283
-9146
-7584
9190
4729
-4417
-6289
-2304
1720
-3307
-1054
-2249
-9406
3810
3338
7446
-7888
6771
1232
-691
-3601
8089
-302
-238
2202
1024
7094
-9084
-57
-1276
6425
4856
6567
1930
8623
-9558
5900
-4543
-8113
-6880
9419
6902
9750
-608
9320
5028
-7208
-727
8215
-236
-3296
-7514
-2029
-9032
2919
7085
3975
-1101
-2940
-7154
-9516
-4255
-4824
-4021
-2250
4651
-1902
-3402
-7739
314
-9837
-4153
-2306
-6447
147
-4267
-3919
-8835
9487
1408
6202
-8050
5646
-6950
-626
9930
-3007
2442
1555
6625
9605
8002
-4894
5653
-3869
-8789
-6465
-5027
2180
-2713
-1765
-5227
-3338
-6581
-2543
2312
-935
-1001
-5317
-1084
8908
-5981
-3927
-1071
388
-5822
4788
-4434
8736
-5792
3806
-5598
3846
4577
-1822
1704
1497
926
-7243
-8188
2747
-9515
2024
-4519
-1886
-4798
4942
9397
4683
-2583
9635
5994
1514
-9340
227
2242
-8460
5524
1327
6286
6628
-1471
-5619
1577
6526
531
-5455
9592
2143
464
6737
-5738
-1051
-9965
5162
-6055
7216
-4465
1889
-9972
2424
-6004
6941
5216
1356
-7322
-5110
9082
7228
3248
1081
-6343
-9325
4969
-5606
7609
-7509
4861
-7176
4022
-1295
7025
3210
3790
8949
-1835
-2938
4368
-5004
1870
709
-8112
7936
-9711
-91
3579
-311
8599
-3462
-3002
-2664
5028
8174
-7275
7269
7156
-9900
8019
-9812
3870
3709
-9695
-2293
1560
-4747
-8547
-3337
3007
4569
-3520
8177
7919
-5331
-6422
-4914
-4833
-56
6347
3582
-1472
-6674
3601
2743
-9919
-9190
-2644
9055
-1578
5569
-4649
-7850
-7562
-6730
-9073
-7331
-4325
-4797
-9902
3491
1121
6512
-6637
-8460
-8203
-6941
8074
8942
-1414
-7646
6128
-463
3537
1510
1277
9562
4185
-1672
564
-209
-7550
362
5129
-9517
-9710
1253
-2859
-9774
3513
-6407
-8427
5067
5008
-6749
-5705
-4712
-833
1378
-8813
3769
-9642
-2850
-3039
2095
70
6877
-3110
8376
9698
3249
-156
4213
8921
-7794
6813
-2646
3266
4383
5541
1235
-1340
3069
8932
-7014
-4365
-8769
2572
7406
-8614
6502
-4984
6012
3919
-5156
-6605
7461
-674
-8832
-3515
-1521
573
8331
7502
2899
4154
4669
-244
-9517
9593
4662
-346
-3107
-3971
7323
3643
1547
-50
-7467
-1655
-8970
-1351
6863
6405
2287
5100
-2746
-5426
-7898
-8340
3504
-4997
-2889
2385
-1385
5991
-7868
6753
-160
-5839
3628
-8852
2672
-3492
9846
-1233
-4987
-2204
-505
-6595
9422
-3551
6804
-1870
7622
-9593
-7633
5898
3301
-6686
-3627
-4022
-3188
-9016
-6299
-2654
-1523
8239
8760
-1748
-4001
-2962
2075
9736
-4126
-1771
308
-9865
-1309
-8694
6750
7476
-6099
9239
249
-2868
849
-1270
7170
3239
-187
-9810
-6877
-5873
9252
6273
9102
-5678
-6318
2984
65
-1243
-9701
3163
3123
8352
1909
8612
7171
-9583
-1269
4125
-3844
2180
2257
-5581
-5876
1227
-9303
3203
-8249
2757
7322
-7385
1312
-9706
-9359
-9269
-170
3858
-1568
5104
-1377
-2406
6435
-8967
1578
-2542
6904
-5291
4114
-1196
-7751
3447
210
3594
4619
7874
5784
7405
3575
-5768
-6714
7555
-9132
-1075
4623
-4600
-6121
-8065
7298
-1803
7417
-9050
2164
8951
7326
3821
235
6242
-1236
-6592
725
291
7038
-4084
2808
6378
-496
1504
9553
2214
3329
4250
-5936
-8019
-4201
7456
-4925
-3508
-8622
9894
-7933
-3705
-7132
-1320
-1556
-7477
-7213
-4660
5371
-1099
5477
3016
8608
-2424
482
4826
-4023
1291
-6635
6056
4082
4907
-8588
-3818
9472
391
8570
-9368
1634
-8863
-3518
-3252
-6932
-6155
6602
-6417
-4901
-842
2205
989
7232
-4101
-1582
-156
-7500
7948
3493
-7657
1615
7713
5149
-1048
4711
-4412
-7936
-3102
-9016
-9074
2548
-5957
3834
6822
9897
1480
-8149
-1707
7081
-1575
-5487
1498
2217
-6276
5519
240
642
-218
6378
5186
9430
6695
-1765
-8836
-4156
-2876
834
8349
2487
-4328
-5847
4276
8808
528
-9618
5344
-8883
-376
1821
8860
-8545
8765
-6316
9628
-615
5001
-120
8744
196
4886
-5416
6455
8025
-5607
-7308
5821
3026
-5150
-1734
9427
8021
7637
-8406
-2549
-8064
-741
2772
-7795
-5152
7964
2475
1563
-7382
-6697
9080
-8282
-2133
-9256
5395
8306
8407
-5035
-2077
4192
4313
-2572
-3066
2043
418
6577
6596
337
2317
2244
-9026
2550
-9170
-182
3907
-8994
-7569
4251
-1359
-768
1257
-802
6507
-332
2102
2296
-6932
-2827
3192
4148
4790
3012
2553
-4516
9728
-1115
2436
-5237
-8437
6024
-7484
-3281
-1997
-9464
4499
-8716
-8300
2844
-1724
-8095
4713
6525
-7097
2406
-4025
-250
4479
2377
-4691
-8792
-2645
2482
7276
1593
-4842
-6858
3409
1618
-6262
2699
-7590
8003
9423
-5485
4417
-6
2868
6315
-2304
-9295
1279
9721
-6100
9959
-19
3017
-8447
8259
-1986
6042
-3569
-4833
-8111
2506
2281
-423
-3383
-7910
-4388
4254
3777
-7648
4251
2506
2685
8778
974
-9088
2573
-9774
-9318
8858
1254
6579
-7551
2919
8860
5579
-3761
-7848
-5975
6640
8129
-1038
-5724
-9166
-2366
9458
2422
8327
6012
-2938
6354
7185
5435
3626
963
-9204
-4565
3444
7768
-4924
5300
-2749
-9643
1149
-1104
-4316
1909
4433
-8178
-5307
4811
6764
9977
-1068
1787
4736
3194
-6514
-7002
-5629
-1938
-918
4166
-1
9906
-8540
-2887
3462
-4448
1684
-4082
-1257
-4336
903
-493
6601
8294
-9558
4542
-5955
-6255
6098
-8672
-5782
-5091
4113
9788
-6276
6977
5551
2619
6467
5730
-4345
-1644
5759
4569
5256
-1646
-273
-2934
2430
8609
9015
-6033
-5696
9820
305
1464
1313
-2731
4339
-9034
-816
-4143
2964
-288
7511
5031
6129
-3738
-1913
-6653
-3206
5241
934
3065
-568
-8347
1556
1451
6055
-3318
8957
7340
-7334
-5902
-9199
9029
-1451
-780
-632
-7250
1028
-9176
-9996
-309
-911
510
2364
3965
687
3702
-6043
-6055
-9331
-8187
5412
4985
-1189
-3925
-2657
-7107
-9110
-9933
9788
-5668
9538
256
-2999
-7088
-3766
1614
2643
-2155
-9052
8903
3503
5799
-8249
-6738
3419
-3970
3120
-1556
3356
3809
8757
1393
8431
7906
-7647
-2202
-1821
-5945
-1898
-5163
2459
-1680
-8373
564
-7840
-8282
-8410
-7823
-8830
662
-7614
3892
4153
6516
9146
-765
-6802
-8041
7717
2237
5703
1897
-5720
-2599
-4290
2269
-7989
9203
-8643
-8609
5447
-1460
2293
5362
7160
5677
-7421
1589
-4119
7149
6985
2613
-9587
-2549
-8398
-3795
-538
-4496
-6736
-2916
3916
-9452
-3469
647
5218
2460
1858
-283
-8939
-2553
4042
-8404
8031
-8353
-3832
-5365
9683
-7600
1001
993
8107
9724
-846
-4540
-2778
-928
1318
8938
-3171
-9563
500
9627
7888
-1326
-612
4908
-8478
-4855
-2097
-7358
6939
-8177
6418
1790
6755
5545
1283
-763
-7863
-7700
1001
-7856
-5280
9288
-6211
3365
-2548
-4056
-9766
1176
-7712
4183
8370
4010
-884
-7144
2726
-4133
-2682
-8291
3799
-1256
9074
-3869
-172
-5307
1784
-4482
8936
-8013
5942
5319
-3614
7428
-5678
5652
9072
9947
-1475
7817
7390
-559
9739
-5839
-6809
-846
1978
6390
1803
-33
8111
-7167
5957
-9429
-8288
6037
9919
-1205
-9005
8740
-6718
-3771
5083
-1609
-4418
831
7376
-1703
-4729
-9672
5973
6865
9582
-7012
6903
5545
5404
-8228
-7666
746
5568
2841
3002
-4643
-241
-9921
-8241
-8563
4794
-6463
-6560
-2739
5113
1626
-4813
9046
1036
4366
-9083
607
-240
8183
3780
2546
2000
-8512
1274
6759
5843
-5319
9099
-8324
8562
8238
-8116
9019
-2925
8178
-8396
3818
-1851
9489
-2203
-4005
-9377
4970
7604
-5965
3608
9494
-1749
-889
-2963
-2205
-297
-8532
3881
7698
1083
9958
7003
94
-9167
326
7811
1940
-2346
-1802
-1212
9285
6956
8627
-2582
-6483
-4165
5713
-4823
-4025
-1502
2931
1965
-6446
3668
-2282
3749
-8900
-4392
-7746
-853
5143
1248
-3480
-688
7928
-2681
9356
4720
698
3420
8643
-7689
871
-325
2626
-3079
-1032
862
1023
-7920
8079
-7083
-3244
6974
-8814
-7853
6958
-1292
9745
2805
5401
-7950
-9215
4336
7533
2395
-903
-3855
4046
-8031
6150
4710
-775
-5892
8019
-4400
-3735
-3995
840
-8807
3368
-3649
-5748
-6117
-8418
-8902
-9241
-5937
-1780
7906
2132
2376
-1852
7819
-7298
6517
-711
1355
-6181
-5714
-1583
5404
3751
6673
-1341
-2789
-7035
7390
1034
2193
-4038
-1405
-996
3486
7786
-3526
7149
2793
-4202
4894
2987
-5456
5474
-9489
-5666
-1694
2764
8522
3759
8029
-5086
-5310
6335
937
6699
6293
7257
3738
-342
2348
1840
-675
8164
1751
1996
-6766
8104
6901
483
5898
-8596
9930
-2920
-5957
-7158
8835
9267
-7376
4309
-8398
-5902
7266
-3893
-2144
-2367
-3564
4858
-409
3656
2422
3303
-4743
-5642
700
-1541
4718
2205
-1638
-8445
6594
4501
4033
-4315
-6025
9889
-5930
5216
-256
9582
-7202
4818
-1517
-4881
8193
-4676
8414
-782
-1381
-1314
-6167
-3435
-8882
4922
6206
7399
7230
214
380
-1726
-1574
7220
1283
-8371
9992
-3820
-3940
-1379
-447
8540
6733
-1891
-5592
-6410
-679
-1209
488
-7000
6713
1187
-5046
-1840
4739
1491
4331
-9108
3434
-9726
-9427
-669
-1093
-4386
-1459
-2289
-4919
2414
137
-8714
9146
7527
2702
-4232
-262
3730
-7770
4419
2662
4719
-4354
-4629
5401
7943
-9452
6702
-1309
2492
5732
-2494
-8850
5159
1284
-584
1211
9401
-6852
4967
9562
-860
-6204
-3317
4833
-7851
-1970
-6084
5453
-3747
-9115
3270
-8596
5642
-6751
2784
-8997
-5698
-9956
-9895
-67
-1095
5679
516
2370
4452
1963
-8041
-2593
-7444
-5210
1064
7850
4436
-2349
-3244
3066
8554
2370
-3886
2673
6261
482
954
3739
-2087
-7762
2991
-9492
6611
4515
-9542
2787
-2914
3737
9694
-3248
-6857
5388
-8488
-9737
8737
7873
4007
3696
4894
-4863
1029
6844
7575
-103
-1342
2625
9989
-2738
-9196
-873
-3010
7180
9453
2948
8860
3361
5072
8854
7152
-3805
8371
3421
-3826
-2327
-4140
3663
-9675
7442
-1462
-4441
-319
840
5584
1923
-5953
-7855
3055
-5705
-822
9241
-8649
9241
-2075
9538
4638
-4017
-6206
-8803
-9594
9225
4716
8586
-2004
8808
-9199
6400
-8803
-3935
1415
2946
1927
5691
-5851
-116
-511
1527
-8955
-6972
3082
-5238
-4059
6859
-6000
-6068
853
-6056
8326
7479
-970
9753
-9006
-8318
-2373
-6789
7681
9478
3960
-6225
2306
-1052
5804
7014
-5213
4221
-1545
-7672
-3777
-3945
9124
8860
-3170
4534
-7372
-1379
-4297
2179
1479
9460
-9094
-7906
8163
4771
-6631
-7085
-2295
-8348
8760
9961
-5367
-5236
7732
280
-24
9214
-3139
-1768
-8833
2564
-9896
7781
556
3374
3756
7877
-3313
-8259
-3359
-1946
6566
-4142
-8322
-7143
-3110
-2109
4988
-4283
-2516
2297
-5669
5589
1200
240
-42
-7025
-8907
-5165
7830
5844
7883
-6290
-2288
-9426
-1427
7742
6739
-1856
529
-2211
2893
-8331
-5577
4882
2156
-2248
4113
3551
-1838
-8800
-8053
-7144
3811
-9676
-6183
5133
-9422
8338
-15
8646
-6885
-4700
-5160
7000
4316
-5408
1593
-4409
-877
8112
-3608
3336
-5883
-4857
392
6521
-5635
1299
8059
-9114
-1025
6001
5267
-2118
-7513
9591
-8233
1565
480
-5463
9134
3672
-5329
9043
7531
6183
-4698
-4003
2475
3029
-3226
5313
-3801
5594
-3779
3553
7345
277
-5857
-8862
7389
-9391
1216
-5516
2541
1289
6064
-1890
5833
-2999
-4983
48
-4335
-5038
6795
-7197
-5683
6920
-7406
-8339
2744
-6340
-4873
-7637
-3572
-6933
-956
894
1158
-8563
-556
-392
7314
6921
5305
-4049
6534
3875
221
2726
5653
-2610
4177
2123
9333
-1646
-3077
9674
5036
-8829
-3917
-1132
-8166
8602
-8761
-7702
7971
-8812
-975
-8967
-8787
-7661
3636
327
-9292
-5605
2211
-3151
-589
-4162
5157
-9751
-7910
-4686
7774
235
-4486
-5747
-8569
-801
4624
6596
-9948
27
-8671
1513
-9161
-1096
-9000
-7030
6887
-6332
-4125
8641
3804
9784
-5780
-125
2388
-2024
9480
-5703
-4857
274
-5412
3128
5609
-5453
3188
-3607
6436
1452
-8276
-9053
-5395
-7621
4194
-1395
377
-7953
-5173
-5351
308
5285
-7011
-9402
-5951
-6089
9388
9368
9692
6687
2928
5811
3071
3023
-6455
-8891
-7348
9358
-2065
5612
3597
6120
2296
1461
2083
2697
9024
3664
4080
-1989
2771
-3674
1596
5117
-4638
9323
3787
-332
8752
-56
313
-5894
561
-6099
12
2172
7666
-9407
-781
1569
-85
8618
-9081
6584
-1760
9260
-1494
7003
-728
8072
5995
-5177
2019
7613
367
6095
-8744
-1940
1058
-8374
-3031
-3379
6697
-2674
-459
-8436
-241
2684
6334
2130
-3855
-5865
6860
1757
8545
-998
995
-1262
9979
-4735
7490
5825
-2951
2589
-1511
-1721
1219
-9187
9874
-1547
816
-6449
6922
-5731
6474
6619
124
-1201
8378
3641
6971
8620
4961
-5475
2066
-209
-431
6387
-9830
-8039
-5863
1110
-5427
-6447
7090
-1172
-3305
-6107
-3590
-7523
-8152
-8184
-1762
-5020
839
4500
-3616
-2354
-2600
5121
-1235
-3920
-2602
-6540
-6930
-1826
7375
9655
5822
7698
7140
-1939
-3445
-3465
3990
-4461
1944
-1203
4608
-3533
3532
867
4727
-4594
7018
2807
-3596
7562
-8802
8660
-1973
-2913
-9809
5815
3201
3691
-6077
-3053
1166
9237
8690
-8085
3671
7627
-7816
-8398
1028
-6263
5468
831
3522
-9895
8187
-6704
3468
3683
2673
-2130
-2135
9237
7651
2714
1977
-9195
-7143
1281
98
-1861
-7807
-7409
1343
-8856
-5101
-2879
-4471
-7897
-8226
-844
-2975
2797
6593
-3329
2917
-8357
-8335
-9439
-4079
-5410
-9154
-3480
-7843
2729
-6635
-5129
9267
9468
-2560
6358
-8705
561
-6048
-4806
-6675
-8531
7326
-5414
1091
8183
-6702
4527
-1390
-9921
-8619
6793
317
6296
3614
-2097
-6681
815
595
-2785
-9993
-4431
770
4404
-8300
5859
9647
-1794
9854
-2208
1847
6639
3031
3564
794
-2150
4965
7202
-1620
238
1944
672
71
749
6162
8303
-275
-9035
5765
6066
2710
-7902
-7947
1496
6038
-7987
9603
9881
9767
-9904
6055
2883
-4722
9069
-5127
-3191
2878
-3196
6595
9534
-6284
5713
-8042
7421
9137
2489
-6336
6567
4397
6748
2722
6337
-6999
3577
-48
-2635
-6997
2023
-6433
1071
-2783
-756
-240
3255
-4433
-1666
-5264
379
-299
-3230
-6118
3983
-2491
-8018
6586
5937
-1668
701
-6327
-4693
-1577
-430
-1497
-3821
602
5910
-7502
5031
2086
9595
-8818
6123
97
-360
-2226
-6166
-3859
2452
-2022
-7981
6736
2587
1791
-7817
-9115
-8610
6010
-5376
2739
4136
-5458
9696
-8344
2016
2751
-33
1276
-8213
6734
-1748
4229
-7066
-1220
1403
9742
-118
-3789
-4799
-2295
5072
2406
-8196
4608
7689
-4031
-2014
-5673
-7698
6892
-307
9828
1946
6988
6508
695
-9094
-4060
8174
-4286
3908
4063
-5425
-190
-9506
-1834
474
265
6007
7856
-3264
8415
-6078
6275
919
-103
8191
1354
1859
9093
-1187
1620
5185
1500
9014
-6045
9765
-8447
-1756
9849
-1362
-7171
-8430
1364
-7762
2573
3185
-1636
6611
-6881
9326
-5469
4760
9060
-5732
-8730
5424
-9070
1965
-4205
284
3648
-4550
2537
7991
1141
-3715
5478
1377
7334
7174
-6936
2831
-1932
-7754
7103
-7939
8561
1582
2350
-9677
6637
-747
4450
-4315
3232
7377
-9507
5021
-1406
-7268
8654
-9856
5087
-3113
-8812
-2131
5673
6097
-1451
-3211
912
-7054
1455
-2870
6704
-1832
2448
4340
-9971
-1868
-1204
-8128
-9410
1134
-5406
-5849
-7495
-6033
1458
6827
2127
-867
4432
-1879
-4439
2644
-7449
2464
2603
-7482
1972
5623
-7393
8863
-6325
-915
2142
7910
7384
743
-5620
4355
-1201
8791
5735
-911
-1935
-3824
-3390
2667
4073
4143
-75
8816
-8624
-4908
-6297
-3201
-5719
-2670
-7924
6672
6241
-2670
-7146
-2754
-8365
8689
-783
2969
-8180
-8794
8082
-6939
-2371
8409
8367
3832
-3547
-2701
-1390
3477
3632
223
-4665
-2477
-4912
-4477
1053
-7309
-9055
943
-6078
7076
-1614
-8176
9886
5383
6005
-5351
-7506
9346
-8291
5821
5605
5550
1460
5361
-133
5514
-2800
5724
-4926
6217
-1199
-2956
7466
-6839
-2852
1861
-6513
2631
-6737
-5266
-287
-5031
1846
-4864
2407
6495
6697
5653
9572
4129
-9842
1739
3336
3820
-885
4118
1255
-8455
-4038
466
-8739
3992
-5394
9073
6985
4895
-1281
-6067
-2361
-7390
2340
8091
9806
-5356
1336
49
-2730
5684
-1650
6644
9383
7077
3542
-4939
-1488
7776
-1204
6497
-7257
9435
3971
-5505
1284
1645
423
2042
-3087
-2778
9166
3335
-7674
1998
8914
8392
-4598
-1218
-7300
-8247
-7853
-9101
824
81
5492
-2801
-7382
-2272
-6860
-2563
9831
4189
-1718
-5381
401
2876
-6703
9217
-7030
-3288
-1566
9058
-334
-7169
-5021
8261
-2414
-3981
5590
-1218
-2219
-1517
3210
8884
-5313
-7779
-5600
-5664
-1364
-575
2928
138
9406
-3726
-4888
3293
9732
-4075
-340
398
4283
-2356
1689
-2183
1820
746
-6935
-3338
-3938
4376
-597
95
4281
7162
-2192
6143
-8302
4374
8842
5745
4453
-5534
-8791
2747
-5694
-8264
8317
-9754
4106
-2663
-7875
-4006
-5279
6972
1583
8494
-8728
-9639
512
-5031
9390
4915
2861
2555
-9370
4051
-7863
-5107
-9697
9185
-3910
-2317
650
-6304
7865
8861
-2346
-3004
-9625
-8311
-9299
7347
2003
-7630
-9062
3167
-1417
7750
-3683
4305
-861
-6836
-799
-2850
-8965
5711
-4158
392
-6080
4018
-3880
-8102
1252
-8019
-3359
1379
-6746
1021
-9355
8416
5703
-6909
4085
-9135
5348
-5077
8883
4811
4513
2987
-8487
3953
5075
8146
7941
3675
-4916
-842
-5619
3049
-9918
-4963
7423
-3375
-4423
7637
-3214
-2900
7136
7916
9290
9831
218
2007
3585
-9378
-6873
-3474
1784
-634
-6634
6440
-3696
-6179
192
-6556
8119
-9809
-5688
-2130
-3972
-9844
-574
3046
5638
-2384
9748
7388
1507
2651
2601
-3412
6150
-4941
-4122
5916
-4349
5314
6395
992
-6865
-3061
-2903
4247
-1380
-9045
8529
-6081
-3464
-9482
-6781
2534
-9263
-8241
-9694
2687
-9172
-4469
-7811
9299
-6598
-6066
4990
9642
7078
-4572
-9764
-4955
1209
-7248
-3523
-8469
-5313
9057
6423
-9458
3498
-668
-2288
5471
-6473
-3382
3554
4879
-1493
-4534
3308
-900
2177
-1294
-7634
3341
8352
-2152
-4176
7454
-7047
-7710
994
-9794
8041
-2002
-9864
4201
9433
-7565
-3368
6531
6699
9249
5385
-247
7201
-6385
-8641
-1990
4236
-2916
-1078
3879
3486
9426
9084
-7025
-8356
-5812
1728
-4624
6420
-5456
-4448
-4371
8134
6516
-242
6374
-399
-2256
-1627
4575
-6689
1722
-9361
-6133
2676
-187
9026
-8263
-2408
-3732
-9784
-3965
-6344
-4808
3790
1733
-925
2539
8361
-4059
3632
1155
5556
-3210
49
2314
-1483
184
-363
3380
-6535
-2727
1368
-2119
-9570
5079
-3679
-8284
-7656
-7087
-2127
-2835
519
7943
2176
4989
-1125
4802
3070
-5828
-665
6074
-9018
8672
6451
3248
-3714
-8910
558
-9007
-5803
-5760
-4306
-8457
-9533
-6642
1008
-9474
-5011
-5951
2553
-9243
3868
-5942
6089
-3689
9615
-9437
969
5603
3797
8933
146
-702
6844
3748
2033
-3528
-4358
8372
6175
838
1134
5480
-3384
7706
-4627
-2313
4348
-8082
260
-5226
-6607
7197
8726
2010
3793
-1875
-6892
-7320
9251
-2625
5275
-2857
7099
-7062
8315
661
-6002
2675
580
-7330
-8022
6899
-512
-8703
-3647
3565
4637
-1300
-434
5247
-2319
5113
3152
-7806
-185
-7487
3782
-8384
-3156
-7597
8742
9756
-3508
6488
1231
333
2945
3833
-3507
-9350
-410
3615
6075
4944
2469
-1311
-599
3490
4211
-8084
-649
-4499
-9006
4567
-8277
4074
3584
-5877
7165
2212
7555
7360
8610
367
-2485
-6078
7240
8040
5484
-4652
-4333
-5406
-5451
5104
8248
-2200
-4548
6229
-4576
-7503
6058
-5061
-8609
-3643
1387
-9066
2650
-5134
-4567
-1886
8688
-6504
-4996
-6986
5467
-8607
-9396
2550
-2589
-1960
-384
7470
-5779
1947
-6910
-6552
-4875
8795
-1038
7835
5060
-4667
1765
6853
4797
-5099
-8275
-4671
-9819
628
-5433
9117
4408
3161
-2526
8927
-8324
-8837
-3671
3531
536
-5052
4695
171
961
6220
5961
-9490
-9640
229
-3341
1537
-9281
556
1159
-7384
1529
1328
-4211
2203
-8684
-3215
3867
768
4368
3972
-7746
-9961
8643
733
-5322
2968
-4151
-1783
7488
3640
5347
4830
9391
1858
-195
-3180
8335
3247
-7616
9619
-4080
-7549
-7178
3654
-7486
-5633
2861
-1547
-5248
-3648
-9726
9720
-8870
2930
5128
5472
-8828
-6193
-8057
-651
-1087
5809
-2954
1930
-7548
-95
-8311
-5832
7894
5531
8411
-9051
8189
-3754
611
7417
5232
3004
3479
5777
-2964
-5558
-1828
6176
873
7092
536
-8362
7982
-7273
-9298
4096
-4229
4871
-9525
-3758
9420
-7952
1790
-7792
6344
1376
1332
-967
4190
2946
3960
387
5904
2694
738
-5736
-6199
-448
6118
7054
8726
1200
-6774
7964
34
2034
-3776
-325
7491
6797
-5635
-6115
-2855
-6175
3618
-6330
-216
-7038
8656
-1506
-7162
4947
-9519
2277
4361
-8568
3162
-9891
1252
-2224
6864
-5036
-7107
-5621
-6195
-7760
-3867
-3436
8746
6968
7869
7861
6299
6216
-2595
7050
3581
7535
2393
5425
-1334
-6819
9349
-2509
-7231
-559
2543
-4351
-2715
-9467
-6414
-2566
5523
7370
-1976
2473
3432
2891
5066
-4435
3573
-2268
-8200
2153
-7728
-7346
4278
2960
1167
-2510
4421
5637
-8777
245
3861
-6939
9819
4589
-6262
225
9696
9113
-7151
-5283
2251
7548
-4289
9321
-2877
-4435
6723
-397
-5000
-3194
-2981
-5895
-8764
8514
-3499
-9640
-5879
-4612
-4830
5968
3566
9224
-4955
775
-6542
1492
6814
3522
-5900
6112
3807
4330
-77
543
9968
-6983
-7959
4708
8205
-7553
5240
9317
-9158
-3995
4652
-2158
-5169
8768
8614
-296
-9011
-6943
1115
6123
8712
-9218
-232
-5313
-4532
-2613
3355
3813
-6194
-4860
-3195
-5877
7726
-2813
806
-9844
4941
7972
-1650
-7110
1901
-9481
-8954
-8758
4414
6558
-5574
-1010
8260
1581
-6734
2496
1435
3653
5511
4185
-7546
-7817
6536
6852
-2370
-9186
4231
4740
-5684
7253
9796
8704
6799
2046
-844
-5150
-3113
-1788
5549
8713
2145
4106
5118
335
1387
-6972
-5803
9532
9157
4780
9557
5179
8828
6806
-9024
7547
7373
-4526
9285
8485
-6041
-8290
2440
-9299
9201
9432
-2823
-5565
2277
-9936
4460
7477
9030
1934
3209
2823
5783
-537
8668
-2868
806
3766
-690
-7249
-1818
3703
9320
-3765
7296
4327
2464
-2955
-4744
8385
7526
1622
9234
5675
-4444
9996
-8911
4994
-5212
-5184
7552
-6145
-9648
-4014
5857
-7703
2819
-2008
-3092
-1175
2128
-8422
5886
8892
-8419
-3404
-6304
-673
-9631
-1339
1675
-4282
-7502
8658
6766
-5997
4980
-8788
-5394
-7626
8805
5895
4034
5114
2505
3259
8008
-3939
-25
-3311
-6801
6170
1761
-9362
3323
-3019
2181
5994
-239
9802
-6634
4084
7041
9022
1760
-7710
-9444
-2784
2609
-3710
-879
-445
3600
6607
-4000
-4459
-9882
-9550
-1393
7171
1441
3757
9241
-5587
-237
2919
7131
1189
2010
804
5441
-1888
8273
-2466
-3982
1757
-26
2876
9372
-5417
-3998
-5824
7672
4379
5627
1392
4540
7684
3294
-821
6985
-2300
-7689
-5224
2033
3956
1923
-9871
3437
8367
-4526
6744
-7692
-9715
-3969
-7348
9605
-8199
359
2236
8098
3741
-7961
-8239
6786
-7294
253
6079
-8326
-35
1980
5349
-6569
4145
-7740
-5552
4628
-8609
9699
-7606
-2902
-988
2542
-5792
3420
-8332
-5620
-6537
-4378
-7285
-2001
-9774
8855
7581
-9147
6088
-1789
928
6316
5712
2712
4814
-8870
2597
2167
1200
-8650
5679
9739
-1115
-3371
2975
5937
-7710
-4196
-1401
8184
7567
-4465
332
4194
-9983
8136
-3673
-2894
6148
4749
1560
-4343
3492
-4331
-2615
-6376
-8176
886
-9248
-654
524
-9169
3669
-1641
8581
9768
7968
-13
-3941
2515
5658
-7781
8893
8862
917
8246
2449
9476
-3779
-7226
-6464
2137
-7855
6533
5418
-2267
-1928
3393
-4114
-8241
9293
-3965
-5490
8939
-5017
-6630
1997
-3892
-8985
5719
1881
-8346
1802
-7783
2805
8554
6130
8987
8247
-7514
-6621
6357
-222
-3549
8584
-1310
-181
9051
-2540
-8610
-9661
4794
-4197
-3793
5053
-8302
1639
-1838
4409
-5991
3008
-4706
5048
5962
9448
-4187
8359
6307
-8908
6399
-3591
-7302
5641
36
-2256
77
-9400
-7849
-9582
7834
-4218
-272
5115
-3246
9429
9724
-2677
8721
-9806
239
-5746
9617
-3199
786
9597
-993
7352
6442
-2853
8994
1089
-5275
2969
9006
-3205
-6205
-4963
3284
4099
-4143
-928
-6486
6648
628
9880
291
-659
-9667
-1466
-5987
5816
-162
-2477
-1700
6909
-6564
-1665
-2776
-4064
-6796
-1056
1342
2536
2958
-7738
6972
-6837
-3474
-9116
-1859
3387
9400
-1710
-8705
4878
8786
2179
